Position	Time		RR		BPM
1745		1668		8.725		6.000 //开始的缓冲数据...........
1903		1826		0.790		75.000
2058		1981		0.775		77.000
2226		2149		0.840		71.000
2396		2319		0.850		70.000
2561		2484		0.825		72.000
2727		2650		0.830		72.000
2891		2814		0.820		73.000
3050		2973		0.795		75.000
3210		3133		0.800		75.000
3368		3291		0.790		75.000
3532		3455		0.820		73.000
3705		3628		0.865		69.000
3870		3793		0.825		72.000
4027		3950		0.785		76.000
4186		4109		0.795		75.000
4341		4264		0.775		77.000
4498		4421		0.785		76.000
4661		4584		0.815		73.000
4824		4747		0.815		73.000
4989		4912		0.825		72.000
5159		5082		0.850		70.000
5320		5243		0.805		74.000
5474		5397		0.770		77.000
5634		5557		0.800		75.000
5792		5715		0.790		75.000
5964		5887		0.860		69.000
6132		6055		0.840		71.000
6297		6220		0.825		72.000
6458		6381		0.805		74.000
6624		6547		0.830		72.000
6783		6706		0.795		75.000
6941		6864		0.790		75.000
7105		7028		0.820		73.000
7274		7197		0.845		71.000
7450		7373		0.880		68.000
7614		7537		0.820		73.000
7770		7693		0.780		76.000
7930		7853		0.800		75.000
8092		8015		0.810		74.000
8252		8175		0.800		75.000
8419		8342		0.835		71.000
8585		8508		0.830		72.000
8750		8673		0.825		72.000
8913		8836		0.815		73.000
9071		8994		0.790		75.000
9227		9150		0.780		76.000
9388		9311		0.805		74.000
9556		9479		0.840		71.000
9723		9646		0.835		71.000
9889		9812		0.830		72.000
10050		9973		0.805		74.000
10205		10128		0.775		77.000
10365		10288		0.800		75.000
10521		10444		0.780		76.000
10680		10603		0.795		75.000
10851		10774		0.855		70.000
11020		10943		0.845		71.000
11185		11108		0.825		72.000
11342		11265		0.785		76.000
11499		11422		0.785		76.000
11656		11579		0.785		76.000
11819		11742		0.815		73.000
11982		11905		0.815		73.000
12151		12074		0.845		71.000
12319		12242		0.840		71.000
12480		12403		0.805		74.000
12637		12560		0.785		76.000
12791		12714		0.770		77.000
12949		12872		0.790		75.000
13110		13033		0.805		74.000
13278		13201		0.840		71.000
13442		13365		0.820		73.000
13605		13528		0.815		73.000
13760		13683		0.775		77.000
13921		13844		0.805		74.000
14079		14002		0.790		75.000
14238		14161		0.795		75.000
14402		14325		0.820		73.000
14573		14496		0.855		70.000
14739		14662		0.830		72.000
14897		14820		0.790		75.000
15053		14976		0.780		76.000
15212		15135		0.795		75.000
15377		15300		0.825		72.000
15543		15466		0.830		72.000
15709		15632		0.830		72.000
15875		15798		0.830		72.000
16039		15962		0.820		73.000
16199		16122		0.800		75.000
16353		16276		0.770		77.000
16514		16437		0.805		74.000
16676		16599		0.810		74.000
16848		16771		0.860		69.000
17017		16940		0.845		71.000
17179		17102		0.810		74.000
17338		17261		0.795		75.000
17495		17418		0.785		76.000
17655		17578		0.800		75.000
17818		17741		0.815		73.000
17982		17905		0.820		73.000
18152		18075		0.850		70.000
18322		18245		0.850		70.000
18484		18407		0.810		74.000
18637		18560		0.765		78.000
18797		18720		0.800		75.000
18957		18880		0.800		75.000
19121		19044		0.820		73.000
19288		19211		0.835		71.000
19452		19375		0.820		73.000
19617		19540		0.825		72.000
19777		19700		0.800		75.000
19933		19856		0.780		76.000
20088		20011		0.775		77.000
20252		20175		0.820		73.000
20416		20339		0.820		73.000
20589		20512		0.865		69.000
20755		20678		0.830		72.000
20913		20836		0.790		75.000
21070		20993		0.785		76.000
21230		21153		0.800		75.000
21389		21312		0.795		75.000
21553		21476		0.820		73.000
21719		21642		0.830		72.000
21886		21809		0.835		71.000
22048		21971		0.810		74.000
22205		22128		0.785		76.000
22355		22278		0.750		80.000
22514		22437		0.795		75.000
22678		22601		0.820		73.000
22840		22763		0.810		74.000
23009		22932		0.845		71.000
23172		23095		0.815		73.000
23330		23253		0.790		75.000
23478		23401		0.740		81.000
23644		23567		0.830		72.000
23801		23724		0.785		76.000
23967		23890		0.830		72.000
24139		24062		0.860		69.000
24304		24227		0.825		72.000
24464		24387		0.800		75.000
24619		24542		0.775		77.000
24777		24700		0.790		75.000
24937		24860		0.800		75.000
25096		25019		0.795		75.000
25259		25182		0.815		73.000
25429		25352		0.850		70.000
25593		25516		0.820		73.000
25748		25671		0.775		77.000
25901		25824		0.765		78.000
26057		25980		0.780		76.000
26212		26135		0.775		77.000
26377		26300		0.825		72.000
26542		26465		0.825		72.000
26702		26625		0.800		75.000
26858		26781		0.780		76.000
27016		26939		0.790		75.000
27171		27094		0.775		77.000
27324		27247		0.765		78.000
27481		27404		0.785		76.000
27645		27568		0.820		73.000
27815		27738		0.850		70.000
27976		27899		0.805		74.000
28130		28053		0.770		77.000
28285		28208		0.775		77.000
28444		28367		0.795		75.000
28602		28525		0.790		75.000
28761		28684		0.795		75.000
28924		28847		0.815		73.000
29089		29012		0.825		72.000
29249		29172		0.800		75.000
29404		29327		0.775		77.000
29559		29482		0.775		77.000
29713		29636		0.770		77.000
29875		29798		0.810		74.000
30037		29960		0.810		74.000
30201		30124		0.820		73.000
30362		30285		0.805		74.000
30516		30439		0.770		77.000
30671		30594		0.775		77.000
30826		30749		0.775		77.000
30983		30906		0.785		76.000
31139		31062		0.780		76.000
31306		31229		0.835		71.000
31470		31393		0.820		73.000
31627		31550		0.785		76.000
31777		31700		0.750		80.000
31931		31854		0.770		77.000
32088		32011		0.785		76.000
32247		32170		0.795		75.000
32409		32332		0.810		74.000
32574		32497		0.825		72.000
32739		32662		0.825		72.000
32900		32823		0.805		74.000
33054		32977		0.770		77.000
33209		33132		0.775		77.000
33368		33291		0.795		75.000
33533		33456		0.825		72.000
33700		33623		0.835		71.000
33867		33790		0.835		71.000
34027		33950		0.800		75.000
34186		34109		0.795		75.000
34346		34269		0.800		75.000
34504		34427		0.790		75.000
34662		34585		0.790		75.000
34829		34752		0.835		71.000
34997		34920		0.840		71.000
35166		35089		0.845		71.000
35323		35246		0.785		76.000
35475		35398		0.760		78.000
35634		35557		0.795		75.000
35795		35718		0.805		74.000
35958		35881		0.815		73.000
36122		36045		0.820		73.000
36287		36210		0.825		72.000
36449		36372		0.810		74.000
36608		36531		0.795		75.000
36764		36687		0.780		76.000
36917		36840		0.765		78.000
37082		37005		0.825		72.000
37187		37110		0.525		114.000
37374		37297		0.935		64.000
37543		37466		0.845		71.000
37706		37629		0.815		73.000
37862		37785		0.780		76.000
38025		37948		0.815		73.000
38188		38111		0.815		73.000
38349		38272		0.805		74.000
38519		38442		0.850		70.000
38693		38616		0.870		68.000
38855		38778		0.810		74.000
39009		38932		0.770		77.000
39167		39090		0.790		75.000
39326		39249		0.795		75.000
39491		39414		0.825		72.000
39658		39581		0.835		71.000
39824		39747		0.830		72.000
39994		39917		0.850		70.000
40156		40079		0.810		74.000
40311		40234		0.775		77.000
40471		40394		0.800		75.000
40634		40557		0.815		73.000
40803		40726		0.845		71.000
40975		40898		0.860		69.000
41142		41065		0.835		71.000
41299		41222		0.785		76.000
41459		41382		0.800		75.000
41617		41540		0.790		75.000
41738		41661		0.605		99.000
41931		41854		0.965		62.000
42098		42021		0.835		71.000
42266		42189		0.840		71.000
42431		42354		0.825		72.000
42588		42511		0.785		76.000
42739		42662		0.755		79.000
42899		42822		0.800		75.000
43061		42984		0.810		74.000
43226		43149		0.825		72.000
43387		43310		0.805		74.000
43553		43476		0.830		72.000
43713		43636		0.800		75.000
43871		43794		0.790		75.000
44024		43947		0.765		78.000
44183		44106		0.795		75.000
44351		44274		0.840		71.000
44519		44442		0.840		71.000
44685		44608		0.830		72.000
44848		44771		0.815		73.000
45007		44930		0.795		75.000
45165		45088		0.790		75.000
45324		45247		0.795		75.000
45485		45408		0.805		74.000
45652		45575		0.835		71.000
45822		45745		0.850		70.000
45989		45912		0.835		71.000
46150		46073		0.805		74.000
46307		46230		0.785		76.000
46464		46387		0.785		76.000
46632		46555		0.840		71.000
46804		46727		0.860		69.000
46973		46896		0.845		71.000
47140		47063		0.835		71.000
47308		47231		0.840		71.000
47468		47391		0.800		75.000
47624		47547		0.780		76.000
47785		47708		0.805		74.000
47953		47876		0.840		71.000
48123		48046		0.850		70.000
48291		48214		0.840		71.000
48457		48380		0.830		72.000
48615		48538		0.790		75.000
48775		48698		0.800		75.000
48936		48859		0.805		74.000
49098		49021		0.810		74.000
49263		49186		0.825		72.000
49432		49355		0.845		71.000
49599		49522		0.835		71.000
49758		49681		0.795		75.000
49915		49838		0.785		76.000
50073		49996		0.790		75.000
50239		50162		0.830		72.000
50407		50330		0.840		71.000
50571		50494		0.820		73.000
50740		50663		0.845		71.000
50903		50826		0.815		73.000
51058		50981		0.775		77.000
51217		51140		0.795		75.000
51378		51301		0.805		74.000
51543		51466		0.825		72.000
51716		51639		0.865		69.000
51883		51806		0.835		71.000
52043		51966		0.800		75.000
52202		52125		0.795		75.000
52359		52282		0.785		76.000
52522		52445		0.815		73.000
52686		52609		0.820		73.000
52855		52778		0.845		71.000
53024		52947		0.845		71.000
53194		53117		0.850		70.000
53354		53277		0.800		75.000
53508		53431		0.770		77.000
53663		53586		0.775		77.000
53828		53751		0.825		72.000
53996		53919		0.840		71.000
54162		54085		0.830		72.000
54327		54250		0.825		72.000
54489		54412		0.810		74.000
54651		54574		0.810		74.000
54807		54730		0.780		76.000
54963		54886		0.780		76.000
55126		55049		0.815		73.000
55292		55215		0.830		72.000
55402		55325		0.550		109.000
55596		55519		0.970		61.000
55756		55679		0.800		75.000
55910		55833		0.770		77.000
56069		55992		0.795		75.000
56230		56153		0.805		74.000
56392		56315		0.810		74.000
56554		56477		0.810		74.000
56714		56637		0.800		75.000
56877		56800		0.815		73.000
57034		56957		0.785		76.000
57187		57110		0.765		78.000
57343		57266		0.780		76.000
57508		57431		0.825		72.000
57674		57597		0.830		72.000
57838		57761		0.820		73.000
58003		57926		0.825		72.000
58160		58083		0.785		76.000
58319		58242		0.795		75.000
58479		58402		0.800		75.000
58639		58562		0.800		75.000
58806		58729		0.835		71.000
58977		58900		0.855		70.000
59143		59066		0.830		72.000
59302		59225		0.795		75.000
59459		59382		0.785		76.000
59613		59536		0.770		77.000
59777		59700		0.820		73.000
59941		59864		0.820		73.000
60104		60027		0.815		73.000
60270		60193		0.830		72.000
60437		60360		0.835		71.000
60594		60517		0.785		76.000
60746		60669		0.760		78.000
60905		60828		0.795		75.000
61065		60988		0.800		75.000
61234		61157		0.845		71.000
61399		61322		0.825		72.000
61565		61488		0.830		72.000
61725		61648		0.800		75.000
61881		61804		0.780		76.000
62037		61960		0.780		76.000
62197		62120		0.800		75.000
62362		62285		0.825		72.000
62527		62450		0.825		72.000
62696		62619		0.845		71.000
62858		62781		0.810		74.000
63014		62937		0.780		76.000
63170		63093		0.780		76.000
63330		63253		0.800		75.000
63492		63415		0.810		74.000
63651		63574		0.795		75.000
63811		63734		0.800		75.000
63969		63892		0.790		75.000
64124		64047		0.775		77.000
64272		64195		0.740		81.000
64421		64344		0.745		80.000
64571		64494		0.750		80.000
64729		64652		0.790		75.000
64887		64810		0.790		75.000
65046		64969		0.795		75.000
65198		65121		0.760		78.000
65354		65277		0.780		76.000
65505		65428		0.755		79.000
65660		65583		0.775		77.000
65814		65737		0.770		77.000
65973		65896		0.795		75.000
66142		66065		0.845		71.000
66310		66233		0.840		71.000
66474		66397		0.820		73.000
66630		66553		0.780		76.000
66789		66712		0.795		75.000
66955		66878		0.830		72.000
67122		67045		0.835		71.000
67297		67220		0.875		68.000
67469		67392		0.860		69.000
67638		67561		0.845		71.000
67796		67719		0.790		75.000
67951		67874		0.775		77.000
68114		68037		0.815		73.000
68274		68197		0.800		75.000
68441		68364		0.835		71.000
68613		68536		0.860		69.000
68782		68705		0.845		71.000
68933		68856		0.755		79.000
69091		69014		0.790		75.000
69250		69173		0.795		75.000
69400		69323		0.750		80.000
69558		69481		0.790		75.000
69721		69644		0.815		73.000
69885		69808		0.820		73.000
70039		69962		0.770		77.000
70193		70116		0.770		77.000
70344		70267		0.755		79.000
70494		70417		0.750		80.000
70649		70572		0.775		77.000
70810		70733		0.805		74.000
70970		70893		0.800		75.000
71131		71054		0.805		74.000
71239		71162		0.540		111.000
71426		71349		0.935		64.000
71579		71502		0.765		78.000
71724		71647		0.725		82.000
71875		71798		0.755		79.000
72035		71958		0.800		75.000
72190		72113		0.775		77.000
72333		72256		0.715		83.000
72479		72402		0.730		82.000
72618		72541		0.695		86.000
72755		72678		0.685		87.000
72899		72822		0.720		83.000
73039		72962		0.700		85.000
73182		73105		0.715		83.000
73331		73254		0.745		80.000
73481		73404		0.750		80.000
73624		73547		0.715		83.000
73763		73686		0.695		86.000
73904		73827		0.705		85.000
74041		73964		0.685		87.000
74185		74108		0.720		83.000
74337		74260		0.760		78.000
74487		74410		0.750		80.000
74634		74557		0.735		81.000
74782		74705		0.740		81.000
74934		74857		0.760		78.000
75074		74997		0.700		85.000
75214		75137		0.700		85.000
75360		75283		0.730		82.000
75513		75436		0.765		78.000
75669		75592		0.780		76.000
75830		75753		0.805		74.000
75986		75909		0.780		76.000
76135		76058		0.745		80.000
76286		76209		0.755		79.000
76440		76363		0.770		77.000
76595		76518		0.775		77.000
76750		76673		0.775		77.000
76915		76838		0.825		72.000
77080		77003		0.825		72.000
77239		77162		0.795		75.000
77393		77316		0.770		77.000
77546		77469		0.765		78.000
77702		77625		0.780		76.000
77863		77786		0.805		74.000
78026		77949		0.815		73.000
78190		78113		0.820		73.000
78347		78270		0.785		76.000
78498		78421		0.755		79.000
78648		78571		0.750		80.000
78793		78716		0.725		82.000
78937		78860		0.720		83.000
79084		79007		0.735		81.000
79235		79158		0.755		79.000
79383		79306		0.740		81.000
79529		79452		0.730		82.000
79671		79594		0.710		84.000
79810		79733		0.695		86.000
79950		79873		0.700		85.000
80092		80015		0.710		84.000
80238		80161		0.730		82.000
80390		80313		0.760		78.000
80542		80465		0.760		78.000
80698		80621		0.780		76.000
80848		80771		0.750		80.000
80994		80917		0.730		82.000
81136		81059		0.710		84.000
81285		81208		0.745		80.000
81438		81361		0.765		78.000
81600		81523		0.810		74.000
81754		81677		0.770		77.000
81908		81831		0.770		77.000
82060		81983		0.760		78.000
82209		82132		0.745		80.000
82357		82280		0.740		81.000
82504		82427		0.735		81.000
82656		82579		0.760		78.000
82811		82734		0.775		77.000
82971		82894		0.800		75.000
83129		83052		0.790		75.000
83284		83207		0.775		77.000
83429		83352		0.725		82.000
83581		83504		0.760		78.000
83733		83656		0.760		78.000
83884		83807		0.755		79.000
84037		83960		0.765		78.000
84195		84118		0.790		75.000
84358		84281		0.815		73.000
84509		84432		0.755		79.000
84656		84579		0.735		81.000
84808		84731		0.760		78.000
84959		84882		0.755		79.000
85117		85040		0.790		75.000
85281		85204		0.820		73.000
85437		85360		0.780		76.000
85592		85515		0.775		77.000
85743		85666		0.755		79.000
85897		85820		0.770		77.000
86047		85970		0.750		80.000
86196		86119		0.745		80.000
86352		86275		0.780		76.000
86518		86441		0.830		72.000
86672		86595		0.770		77.000
86820		86743		0.740		81.000
86965		86888		0.725		82.000
87106		87029		0.705		85.000
87250		87173		0.720		83.000
87396		87319		0.730		82.000
87541		87464		0.725		82.000
87688		87611		0.735		81.000
87835		87758		0.735		81.000
87988		87911		0.765		78.000
88129		88052		0.705		85.000
88263		88186		0.670		89.000
88399		88322		0.680		88.000
88539		88462		0.700		85.000
88680		88603		0.705		85.000
88823		88746		0.715		83.000
88970		88893		0.735		81.000
89113		89036		0.715		83.000
89250		89173		0.685		87.000
89389		89312		0.695		86.000
89527		89450		0.690		86.000
89665		89588		0.690		86.000
89802		89725		0.685		87.000
89949		89872		0.735		81.000
90099		90022		0.750		80.000
90251		90174		0.760		78.000
90398		90321		0.735		81.000
90544		90467		0.730		82.000
90687		90610		0.715		83.000
90837		90760		0.750		80.000
90985		90908		0.740		81.000
91134		91057		0.745		80.000
91292		91215		0.790		75.000
91447		91370		0.775		77.000
91597		91520		0.750		80.000
91742		91665		0.725		82.000
91883		91806		0.705		85.000
92023		91946		0.700		85.000
92167		92090		0.720		83.000
92320		92243		0.765		78.000
92469		92392		0.745		80.000
92618		92541		0.745		80.000
92769		92692		0.755		79.000
92919		92842		0.750		80.000
93063		92986		0.720		83.000
93214		93137		0.755		79.000
93364		93287		0.750		80.000
93519		93442		0.775		77.000
93683		93606		0.820		73.000
93849		93772		0.830		72.000
94009		93932		0.800		75.000
94162		94085		0.765		78.000
94318		94241		0.780		76.000
94473		94396		0.775		77.000
94636		94559		0.815		73.000
94799		94722		0.815		73.000
94923		94846		0.620		96.000
95121		95044		0.990		60.000
95287		95210		0.830		72.000
95442		95365		0.775		77.000
95591		95514		0.745		80.000
95746		95669		0.775		77.000
95903		95826		0.785		76.000
96066		95989		0.815		73.000
96228		96151		0.810		74.000
96387		96310		0.795		75.000
96541		96464		0.770		77.000
96695		96618		0.770		77.000
96844		96767		0.745		80.000
96998		96921		0.770		77.000
97156		97079		0.790		75.000
97315		97238		0.795		75.000
97481		97404		0.830		72.000
97639		97562		0.790		75.000
97789		97712		0.750		80.000
97938		97861		0.745		80.000
98095		98018		0.785		76.000
98246		98169		0.755		79.000
98399		98322		0.765		78.000
98552		98475		0.765		78.000
98704		98627		0.760		78.000
98856		98779		0.760		78.000
99002		98925		0.730		82.000
99144		99067		0.710		84.000
99289		99212		0.725		82.000
99436		99359		0.735		81.000
99590		99513		0.770		77.000
99740		99663		0.750		80.000
99892		99815		0.760		78.000
100039		99962		0.735		81.000
100181		100104		0.710		84.000
100326		100249		0.725		82.000
100471		100394		0.725		82.000
100615		100538		0.720		83.000
100767		100690		0.760		78.000
100926		100849		0.795		75.000
101086		101009		0.800		75.000
101238		101161		0.760		78.000
101388		101311		0.750		80.000
101538		101461		0.750		80.000
101689		101612		0.755		79.000
101847		101770		0.790		75.000
102010		101933		0.815		73.000
102179		102102		0.845		71.000
102342		102265		0.815		73.000
102503		102426		0.805		74.000
102663		102586		0.800		75.000
102820		102743		0.785		76.000
102976		102899		0.780		76.000
103141		103064		0.825		72.000
103318		103241		0.885		67.000
103490		103413		0.860		69.000
103650		103573		0.800		75.000
103811		103734		0.805		74.000
103971		103894		0.800		75.000
104130		104053		0.795		75.000
104290		104213		0.800		75.000
104453		104376		0.815		73.000
104624		104547		0.855		70.000
104791		104714		0.835		71.000
104948		104871		0.785		76.000
105104		105027		0.780		76.000
105263		105186		0.795		75.000
105427		105350		0.820		73.000
105596		105519		0.845		71.000
105762		105685		0.830		72.000
105929		105852		0.835		71.000
106091		106014		0.810		74.000
106253		106176		0.810		74.000
106411		106334		0.790		75.000
106565		106488		0.770		77.000
106734		106657		0.845		71.000
106902		106825		0.840		71.000
107066		106989		0.820		73.000
107225		107148		0.795		75.000
107383		107306		0.790		75.000
107537		107460		0.770		77.000
107692		107615		0.775		77.000
107854		107777		0.810		74.000
108014		107937		0.800		75.000
108177		108100		0.815		73.000
108340		108263		0.815		73.000
108500		108423		0.800		75.000
108650		108573		0.750		80.000
108803		108726		0.765		78.000
108957		108880		0.770		77.000
109118		109041		0.805		74.000
109280		109203		0.810		74.000
109439		109362		0.795		75.000
109598		109521		0.795		75.000
109755		109678		0.785		76.000
109904		109827		0.745		80.000
110051		109974		0.735		81.000
110205		110128		0.770		77.000
110360		110283		0.775		77.000
110520		110443		0.800		75.000
110678		110601		0.790		75.000
110832		110755		0.770		77.000
110979		110902		0.735		81.000
111133		111056		0.770		77.000
111281		111204		0.740		81.000
111433		111356		0.760		78.000
111588		111511		0.775		77.000
111743		111666		0.775		77.000
111897		111820		0.770		77.000
112049		111972		0.760		78.000
112194		112117		0.725		82.000
112339		112262		0.725		82.000
112490		112413		0.755		79.000
112644		112567		0.770		77.000
112800		112723		0.780		76.000
112959		112882		0.795		75.000
113118		113041		0.795		75.000
113269		113192		0.755		79.000
113425		113348		0.780		76.000
113579		113502		0.770		77.000
113732		113655		0.765		78.000
113888		113811		0.780		76.000
114057		113980		0.845		71.000
114223		114146		0.830		72.000
114378		114301		0.775		77.000
114534		114457		0.780		76.000
114684		114607		0.750		80.000
114839		114762		0.775		77.000
114994		114917		0.775		77.000
115152		115075		0.790		75.000
115314		115237		0.810		74.000
115482		115405		0.840		71.000
115638		115561		0.780		76.000
115790		115713		0.760		78.000
115939		115862		0.745		80.000
116092		116015		0.765		78.000
116246		116169		0.770		77.000
116409		116332		0.815		73.000
116571		116494		0.810		74.000
116732		116655		0.805		74.000
116888		116811		0.780		76.000
117042		116965		0.770		77.000
117196		117119		0.770		77.000
117349		117272		0.765		78.000
117504		117427		0.775		77.000
117665		117588		0.805		74.000
117830		117753		0.825		72.000
117984		117907		0.770		77.000
118136		118059		0.760		78.000
118289		118212		0.765		78.000
118445		118368		0.780		76.000
118594		118517		0.745		80.000
118750		118673		0.780		76.000
118910		118833		0.800		75.000
119069		118992		0.795		75.000
119227		119150		0.790		75.000
119378		119301		0.755		79.000
119527		119450		0.745		80.000
119680		119603		0.765		78.000
119837		119760		0.785		76.000
119996		119919		0.795		75.000
120158		120081		0.810		74.000
120319		120242		0.805		74.000
120474		120397		0.775		77.000
120629		120552		0.775		77.000
120785		120708		0.780		76.000
120939		120862		0.770		77.000
121093		121016		0.770		77.000
121259		121182		0.830		72.000
121423		121346		0.820		73.000
121582		121505		0.795		75.000
121731		121654		0.745		80.000
121883		121806		0.760		78.000
122041		121964		0.790		75.000
122198		122121		0.785		76.000
122356		122279		0.790		75.000
122519		122442		0.815		73.000
122686		122609		0.835		71.000
122845		122768		0.795		75.000
122998		122921		0.765		78.000
123150		123073		0.760		78.000
123304		123227		0.770		77.000
123459		123382		0.775		77.000
123622		123545		0.815		73.000
123783		123706		0.805		74.000
123942		123865		0.795		75.000
124095		124018		0.765		78.000
124250		124173		0.775		77.000
124404		124327		0.770		77.000
124550		124473		0.730		82.000
124707		124630		0.785		76.000
124869		124792		0.810		74.000
125033		124956		0.820		73.000
125188		125111		0.775		77.000
125342		125265		0.770		77.000
125493		125416		0.755		79.000
125648		125571		0.775		77.000
125799		125722		0.755		79.000
125954		125877		0.775		77.000
126115		126038		0.805		74.000
126272		126195		0.785		76.000
126428		126351		0.780		76.000
126581		126504		0.765		78.000
126733		126656		0.760		78.000
126879		126802		0.730		82.000
127034		126957		0.775		77.000
127195		127118		0.805		74.000
127355		127278		0.800		75.000
127510		127433		0.775		77.000
127668		127591		0.790		75.000
127821		127744		0.765		78.000
127976		127899		0.775		77.000
128126		128049		0.750		80.000
128280		128203		0.770		77.000
128446		128369		0.830		72.000
128612		128535		0.830		72.000
128768		128691		0.780		76.000
128920		128843		0.760		78.000
129074		128997		0.770		77.000
129223		129146		0.745		80.000
129376		129299		0.765		78.000
129533		129456		0.785		76.000
129692		129615		0.795		75.000
129851		129774		0.795		75.000
130010		129933		0.795		75.000
130164		130087		0.770		77.000
130310		130233		0.730		82.000
130460		130383		0.750		80.000
130612		130535		0.760		78.000
130774		130697		0.810		74.000
130939		130862		0.825		72.000
131095		131018		0.780		76.000
131251		131174		0.780		76.000
131408		131331		0.785		76.000
131560		131483		0.760		78.000
131706		131629		0.730		82.000
131861		131784		0.775		77.000
132022		131945		0.805		74.000
132182		132105		0.800		75.000
132341		132264		0.795		75.000
132493		132416		0.760		78.000
132641		132564		0.740		81.000
132793		132716		0.760		78.000
132945		132868		0.760		78.000
133099		133022		0.770		77.000
133256		133179		0.785		76.000
133412		133335		0.780		76.000
133562		133485		0.750		80.000
133713		133636		0.755		79.000
133863		133786		0.750		80.000
134004		133927		0.705		85.000
134146		134069		0.710		84.000
134296		134219		0.750		80.000
134444		134367		0.740		81.000
134588		134511		0.720		83.000
134732		134655		0.720		83.000
134875		134798		0.715		83.000
135013		134936		0.690		86.000
135153		135076		0.700		85.000
135295		135218		0.710		84.000
135437		135360		0.710		84.000
135585		135508		0.740		81.000
135741		135664		0.780		76.000
135892		135815		0.755		79.000
136040		135963		0.740		81.000
136183		136106		0.715		83.000
136328		136251		0.725		82.000
136477		136400		0.745		80.000
136630		136553		0.765		78.000
136783		136706		0.765		78.000
136941		136864		0.790		75.000
137106		137029		0.825		72.000
137266		137189		0.800		75.000
137414		137337		0.740		81.000
137562		137485		0.740		81.000
137714		137637		0.760		78.000
137867		137790		0.765		78.000
138024		137947		0.785		76.000
138184		138107		0.800		75.000
138345		138268		0.805		74.000
138501		138424		0.780		76.000
138654		138577		0.765		78.000
138805		138728		0.755		79.000
138962		138885		0.785		76.000
139121		139044		0.795		75.000
139279		139202		0.790		75.000
139446		139369		0.835		71.000
139613		139536		0.835		71.000
139769		139692		0.780		76.000
139919		139842		0.750		80.000
140076		139999		0.785		76.000
140239		140162		0.815		73.000
140405		140328		0.830		72.000
140562		140485		0.785		76.000
140724		140647		0.810		74.000
140889		140812		0.825		72.000
141047		140970		0.790		75.000
141196		141119		0.745		80.000
141348		141271		0.760		78.000
141516		141439		0.840		71.000
141686		141609		0.850		70.000
141841		141764		0.775		77.000
141998		141921		0.785		76.000
142157		142080		0.795		75.000
142317		142240		0.800		75.000
142466		142389		0.745		80.000
142620		142543		0.770		77.000
142780		142703		0.800		75.000
142945		142868		0.825		72.000
143102		143025		0.785		76.000
143252		143175		0.750		80.000
143395		143318		0.715		83.000
143539		143462		0.720		83.000
143679		143602		0.700		85.000
143822		143745		0.715		83.000
143972		143895		0.750		80.000
144124		144047		0.760		78.000
144269		144192		0.725		82.000
144420		144343		0.755		79.000
144567		144490		0.735		81.000
144710		144633		0.715		83.000
144849		144772		0.695		86.000
144998		144921		0.745		80.000
145154		145077		0.780		76.000
145312		145235		0.790		75.000
145463		145386		0.755		79.000
145617		145540		0.770		77.000
145769		145692		0.760		78.000
145922		145845		0.765		78.000
146073		145996		0.755		79.000
146225		146148		0.760		78.000
146385		146308		0.800		75.000
146547		146470		0.810		74.000
146708		146631		0.805		74.000
146867		146790		0.795		75.000
147024		146947		0.785		76.000
147176		147099		0.760		78.000
147336		147259		0.800		75.000
147499		147422		0.815		73.000
147664		147587		0.825		72.000
147828		147751		0.820		73.000
147990		147913		0.810		74.000
148151		148074		0.805		74.000
148310		148233		0.795		75.000
148466		148389		0.780		76.000
148621		148544		0.775		77.000
148791		148714		0.850		70.000
148957		148880		0.830		72.000
149113		149036		0.780		76.000
149269		149192		0.780		76.000
149426		149349		0.785		76.000
149581		149504		0.775		77.000
149738		149661		0.785		76.000
149896		149819		0.790		75.000
150058		149981		0.810		74.000
150223		150146		0.825		72.000
150385		150308		0.810		74.000
150536		150459		0.755		79.000
150688		150611		0.760		78.000
150841		150764		0.765		78.000
151000		150923		0.795		75.000
151164		151087		0.820		73.000
151326		151249		0.810		74.000
151487		151410		0.805		74.000
151657		151580		0.850		70.000
151815		151738		0.790		75.000
151965		151888		0.750		80.000
152121		152044		0.780		76.000
152284		152207		0.815		73.000
152449		152372		0.825		72.000
152613		152536		0.820		73.000
152776		152699		0.815		73.000
152930		152853		0.770		77.000
153082		153005		0.760		78.000
153231		153154		0.745		80.000
153384		153307		0.765		78.000
153544		153467		0.800		75.000
153700		153623		0.780		76.000
153860		153783		0.800		75.000
154025		153948		0.825		72.000
154184		154107		0.795		75.000
154329		154252		0.725		82.000
154482		154405		0.765		78.000
154641		154564		0.795		75.000
154812		154735		0.855		70.000
154977		154900		0.825		72.000
155135		155058		0.790		75.000
155292		155215		0.785		76.000
155400		155323		0.540		111.000
155590		155513		0.950		63.000
155752		155675		0.810		74.000
155919		155842		0.835		71.000
156088		156011		0.845		71.000
156252		156175		0.820		73.000
156414		156337		0.810		74.000
156570		156493		0.780		76.000
156721		156644		0.755		79.000
156876		156799		0.775		77.000
157032		156955		0.780		76.000
157192		157115		0.800		75.000
157355		157278		0.815		73.000
157519		157442		0.820		73.000
157675		157598		0.780		76.000
157826		157749		0.755		79.000
157978		157901		0.760		78.000
158131		158054		0.765		78.000
158290		158213		0.795		75.000
158454		158377		0.820		73.000
158614		158537		0.800		75.000
158776		158699		0.810		74.000
158933		158856		0.785		76.000
159085		159008		0.760		78.000
159238		159161		0.765		78.000
159393		159316		0.775		77.000
159553		159476		0.800		75.000
159721		159644		0.840		71.000
159889		159812		0.840		71.000
160049		159972		0.800		75.000
160204		160127		0.775		77.000
160361		160284		0.785		76.000
160520		160443		0.795		75.000
160678		160601		0.790		75.000
160843		160766		0.825		72.000
161006		160929		0.815		73.000
161174		161097		0.840		71.000
161334		161257		0.800		75.000
161490		161413		0.780		76.000
161643		161566		0.765		78.000
161808		161731		0.825		72.000
161973		161896		0.825		72.000
162134		162057		0.805		74.000
162297		162220		0.815		73.000
162459		162382		0.810		74.000
162617		162540		0.790		75.000
162771		162694		0.770		77.000
162926		162849		0.775		77.000
163086		163009		0.800		75.000
163254		163177		0.840		71.000
163419		163342		0.825		72.000
163578		163501		0.795		75.000
163736		163659		0.790		75.000
163889		163812		0.765		78.000
164048		163971		0.795		75.000
164203		164126		0.775		77.000
164367		164290		0.820		73.000
164532		164455		0.825		72.000
164702		164625		0.850		70.000
164864		164787		0.810		74.000
165019		164942		0.775		77.000
165174		165097		0.775		77.000
165330		165253		0.780		76.000
165490		165413		0.800		75.000
165654		165577		0.820		73.000
165821		165744		0.835		71.000
165984		165907		0.815		73.000
166147		166070		0.815		73.000
166305		166228		0.790		75.000
166460		166383		0.775		77.000
166611		166534		0.755		79.000
166775		166698		0.820		73.000
166946		166869		0.855		70.000
167114		167037		0.840		71.000
167269		167192		0.775		77.000
167419		167342		0.750		80.000
167577		167500		0.790		75.000
167737		167660		0.800		75.000
167893		167816		0.780		76.000
168050		167973		0.785		76.000
168216		168139		0.830		72.000
168384		168307		0.840		71.000
168547		168470		0.815		73.000
168693		168616		0.730		82.000
168843		168766		0.750		80.000
169004		168927		0.805		74.000
169169		169092		0.825		72.000
169324		169247		0.775		77.000
169482		169405		0.790		75.000
169642		169565		0.800		75.000
169801		169724		0.795		75.000
169918		169841		0.585		102.000
170099		170022		0.905		66.000
170267		170190		0.840		71.000
170436		170359		0.845		71.000
170604		170527		0.840		71.000
170765		170688		0.805		74.000
170921		170844		0.780		76.000
171049		170972		0.640		93.000
171226		171149		0.885		67.000
171385		171308		0.795		75.000
171538		171461		0.765		78.000
171697		171620		0.795		75.000
171867		171790		0.850		70.000
172033		171956		0.830		72.000
172180		172103		0.735		81.000
172331		172254		0.755		79.000
172487		172410		0.780		76.000
172650		172573		0.815		73.000
172810		172733		0.800		75.000
172969		172892		0.795		75.000
173129		173052		0.800		75.000
173293		173216		0.820		73.000
173448		173371		0.775		77.000
173595		173518		0.735		81.000
173749		173672		0.770		77.000
173872		173795		0.615		97.000
174076		173999		1.020		58.000
174251		174174		0.875		68.000
174418		174341		0.835		71.000
174572		174495		0.770		77.000
174731		174654		0.795		75.000
174894		174817		0.815		73.000
175053		174976		0.795		75.000
175216		175139		0.815		73.000
175380		175303		0.820		73.000
175549		175472		0.845		71.000
175711		175634		0.810		74.000
175866		175789		0.775		77.000
176020		175943		0.770		77.000
176180		176103		0.800		75.000
176339		176262		0.795		75.000
176502		176425		0.815		73.000
176627		176550		0.625		96.000
176827		176750		1.000		60.000
176989		176912		0.810		74.000
177152		177075		0.815		73.000
177308		177231		0.780		76.000
177426		177349		0.590		101.000
177628		177551		1.010		59.000
177804		177727		0.880		68.000
177972		177895		0.840		71.000
178132		178055		0.800		75.000
178294		178217		0.810		74.000
178454		178377		0.800		75.000
178619		178542		0.825		72.000
178782		178705		0.815		73.000
178951		178874		0.845		71.000
179122		179045		0.855		70.000
179287		179210		0.825		72.000
179445		179368		0.790		75.000
179601		179524		0.780		76.000
179760		179683		0.795		75.000
179930		179853		0.850		70.000
180104		180027		0.870		68.000
180269		180192		0.825		72.000
180435		180358		0.830		72.000
180596		180519		0.805		74.000
180755		180678		0.795		75.000
180911		180834		0.780		76.000
181070		180993		0.795		75.000
181240		181163		0.850		70.000
181411		181334		0.855		70.000
181579		181502		0.840		71.000
181739		181662		0.800		75.000
181900		181823		0.805		74.000
182061		181984		0.805		74.000
182224		182147		0.815		73.000
182385		182308		0.805		74.000
182554		182477		0.845		71.000
182721		182644		0.835		71.000
182889		182812		0.840		71.000
183045		182968		0.780		76.000
183202		183125		0.785		76.000
183365		183288		0.815		73.000
183533		183456		0.840		71.000
183704		183627		0.855		70.000
183869		183792		0.825		72.000
184037		183960		0.840		71.000
184197		184120		0.800		75.000
184360		184283		0.815		73.000
184518		184441		0.790		75.000
184680		184603		0.810		74.000
184851		184774		0.855		70.000
185023		184946		0.860		69.000
185191		185114		0.840		71.000
185346		185269		0.775		77.000
185507		185430		0.805		74.000
185666		185589		0.795		75.000
185829		185752		0.815		73.000
185993		185916		0.820		73.000
186160		186083		0.835		71.000
186329		186252		0.845		71.000
186492		186415		0.815		73.000
186648		186571		0.780		76.000
186802		186725		0.770		77.000
186960		186883		0.790		75.000
187124		187047		0.820		73.000
187291		187214		0.835		71.000
187459		187382		0.840		71.000
187619		187542		0.800		75.000
187781		187704		0.810		74.000
187939		187862		0.790		75.000
188097		188020		0.790		75.000
188258		188181		0.805		74.000
188427		188350		0.845		71.000
188595		188518		0.840		71.000
188766		188689		0.855		70.000
188927		188850		0.805		74.000
189083		189006		0.780		76.000
189242		189165		0.795		75.000
189402		189325		0.800		75.000
189566		189489		0.820		73.000
189735		189658		0.845		71.000
189904		189827		0.845		71.000
190065		189988		0.805		74.000
190228		190151		0.815		73.000
190384		190307		0.780		76.000
190536		190459		0.760		78.000
190700		190623		0.820		73.000
190863		190786		0.815		73.000
191028		190951		0.825		72.000
191188		191111		0.800		75.000
191346		191269		0.790		75.000
191500		191423		0.770		77.000
191659		191582		0.795		75.000
191818		191741		0.795		75.000
191978		191901		0.800		75.000
192148		192071		0.850		70.000
192312		192235		0.820		73.000
192473		192396		0.805		74.000
192634		192557		0.805		74.000
192748		192671		0.570		105.000
192939		192862		0.955		62.000
193110		193033		0.855		70.000
193280		193203		0.850		70.000
193448		193371		0.840		71.000
193617		193540		0.845		71.000
193779		193702		0.810		74.000
193932		193855		0.765		78.000
194091		194014		0.795		75.000
194248		194171		0.785		76.000
194415		194338		0.835		71.000
194587		194510		0.860		69.000
194752		194675		0.825		72.000
194909		194832		0.785		76.000
195069		194992		0.800		75.000
195227		195150		0.790		75.000
195347		195270		0.600		100.000
195536		195459		0.945		63.000
195699		195622		0.815		73.000
195866		195789		0.835		71.000
196030		195953		0.820		73.000
196183		196106		0.765		78.000
196334		196257		0.755		79.000
196495		196418		0.805		74.000
196654		196577		0.795		75.000
196818		196741		0.820		73.000
196983		196906		0.825		72.000
197145		197068		0.810		74.000
197311		197234		0.830		72.000
197470		197393		0.795		75.000
197623		197546		0.765		78.000
197779		197702		0.780		76.000
197949		197872		0.850		70.000
198115		198038		0.830		72.000
198279		198202		0.820		73.000
198439		198362		0.800		75.000
198595		198518		0.780		76.000
198753		198676		0.790		75.000
198913		198836		0.800		75.000
199072		198995		0.795		75.000
199237		199160		0.825		72.000
199407		199330		0.850		70.000
199572		199495		0.825		72.000
199727		199650		0.775		77.000
199876		199799		0.745		80.000
200025		199948		0.745		80.000
200180		200103		0.775		77.000
200341		200264		0.805		74.000
200504		200427		0.815		73.000
200664		200587		0.800		75.000
200826		200749		0.810		74.000
200983		200906		0.785		76.000
201132		201055		0.745		80.000
201281		201204		0.745		80.000
201441		201364		0.800		75.000
201598		201521		0.785		76.000
201761		201684		0.815		73.000
201924		201847		0.815		73.000
202083		202006		0.795		75.000
202234		202157		0.755		79.000
202390		202313		0.780		76.000
202549		202472		0.795		75.000
202708		202631		0.795		75.000
202869		202792		0.805		74.000
203041		202964		0.860		69.000
203213		203136		0.860		69.000
203365		203288		0.760		78.000
203519		203442		0.770		77.000
203681		203604		0.810		74.000
203845		203768		0.820		73.000
204004		203927		0.795		75.000
204171		204094		0.835		71.000
204344		204267		0.865		69.000
204502		204425		0.790		75.000
204661		204584		0.795		75.000
204819		204742		0.790		75.000
204982		204905		0.815		73.000
205141		205064		0.795		75.000
205308		205231		0.835		71.000
205477		205400		0.845		71.000
205642		205565		0.825		72.000
205790		205713		0.740		81.000
205944		205867		0.770		77.000
206103		206026		0.795		75.000
206264		206187		0.805		74.000
206416		206339		0.760		78.000
206581		206504		0.825		72.000
206750		206673		0.845		71.000
206913		206836		0.815		73.000
207056		206979		0.715		83.000
207210		207133		0.770		77.000
207371		207294		0.805		74.000
207540		207463		0.845		71.000
207698		207621		0.790		75.000
207858		207781		0.800		75.000
208026		207949		0.840		71.000
208188		208111		0.810		74.000
208333		208256		0.725		82.000
208482		208405		0.745		80.000
208642		208565		0.800		75.000
208810		208733		0.840		71.000
208968		208891		0.790		75.000
209129		209052		0.805		74.000
209289		209212		0.800		75.000
209447		209370		0.790		75.000
209569		209492		0.610		98.000
209749		209672		0.900		66.000
209914		209837		0.825		72.000
210083		210006		0.845		71.000
210251		210174		0.840		71.000
210417		210340		0.830		72.000
210572		210495		0.775		77.000
210724		210647		0.760		78.000
210880		210803		0.780		76.000
211042		210965		0.810		74.000
211204		211127		0.810		74.000
211364		211287		0.800		75.000
211530		211453		0.830		72.000
211690		211613		0.800		75.000
211843		211766		0.765		78.000
211998		211921		0.775		77.000
212150		212073		0.760		78.000
212311		212234		0.805		74.000
212473		212396		0.810		74.000
212640		212563		0.835		71.000
212800		212723		0.800		75.000
212959		212882		0.795		75.000
213111		213034		0.760		78.000
213271		213194		0.800		75.000
213429		213352		0.790		75.000
213589		213512		0.800		75.000
213755		213678		0.830		72.000
213922		213845		0.835		71.000
214083		214006		0.805		74.000
214239		214162		0.780		76.000
214395		214318		0.780		76.000
214552		214475		0.785		76.000
214718		214641		0.830		72.000
214885		214808		0.835		71.000
215047		214970		0.810		74.000
215214		215137		0.835		71.000
215375		215298		0.805		74.000
215530		215453		0.775		77.000
215682		215605		0.760		78.000
215843		215766		0.805		74.000
216008		215931		0.825		72.000
216180		216103		0.860		69.000
216344		216267		0.820		73.000
216504		216427		0.800		75.000
216669		216592		0.825		72.000
216829		216752		0.800		75.000
216988		216911		0.795		75.000
217153		217076		0.825		72.000
217324		217247		0.855		70.000
217494		217417		0.850		70.000
217658		217581		0.820		73.000
217815		217738		0.785		76.000
217971		217894		0.780		76.000
218132		218055		0.805		74.000
218291		218214		0.795		75.000
218456		218379		0.825		72.000
218623		218546		0.835		71.000
218788		218711		0.825		72.000
218945		218868		0.785		76.000
219104		219027		0.795		75.000
219257		219180		0.765		78.000
219413		219336		0.780		76.000
219578		219501		0.825		72.000
219747		219670		0.845		71.000
219911		219834		0.820		73.000
220074		219997		0.815		73.000
220228		220151		0.770		77.000
220387		220310		0.795		75.000
220550		220473		0.815		73.000
220709		220632		0.795		75.000
220822		220745		0.565		106.000
221027		220950		1.025		58.000
221195		221118		0.840		71.000
221354		221277		0.795		75.000
221507		221430		0.765		78.000
221665		221588		0.790		75.000
221824		221747		0.795		75.000
221989		221912		0.825		72.000
222152		222075		0.815		73.000
222315		222238		0.815		73.000
222481		222404		0.830		72.000
222635		222558		0.770		77.000
222789		222712		0.770		77.000
222948		222871		0.795		75.000
223109		223032		0.805		74.000
223279		223202		0.850		70.000
223447		223370		0.840		71.000
223614		223537		0.835		71.000
223772		223695		0.790		75.000
223931		223854		0.795		75.000
224088		224011		0.785		76.000
224252		224175		0.820		73.000
224416		224339		0.820		73.000
224580		224503		0.820		73.000
224749		224672		0.845		71.000
224912		224835		0.815		73.000
225069		224992		0.785		76.000
225221		225144		0.760		78.000
225382		225305		0.805		74.000
225544		225467		0.810		74.000
225708		225631		0.820		73.000
225872		225795		0.820		73.000
226033		225956		0.805		74.000
226194		226117		0.805		74.000
226351		226274		0.785		76.000
226502		226425		0.755		79.000
226663		226586		0.805		74.000
226831		226754		0.840		71.000
226998		226921		0.835		71.000
227161		227084		0.815		73.000
227319		227242		0.790		75.000
227476		227399		0.785		76.000
227634		227557		0.790		75.000
227791		227714		0.785		76.000
227956		227879		0.825		72.000
228123		228046		0.835		71.000
228292		228215		0.845		71.000
228453		228376		0.805		74.000
228609		228532		0.780		76.000
228765		228688		0.780		76.000
228922		228845		0.785		76.000
229084		229007		0.810		74.000
229253		229176		0.845		71.000
229423		229346		0.850		70.000
229585		229508		0.810		74.000
229748		229671		0.815		73.000
229909		229832		0.805		74.000
230062		229985		0.765		78.000
230218		230141		0.780		76.000
230380		230303		0.810		74.000
230550		230473		0.850		70.000
230715		230638		0.825		72.000
230875		230798		0.800		75.000
231026		230949		0.755		79.000
231188		231111		0.810		74.000
231344		231267		0.780		76.000
231499		231422		0.775		77.000
231663		231586		0.820		73.000
231831		231754		0.840		71.000
231994		231917		0.815		73.000
232151		232074		0.785		76.000
232305		232228		0.770		77.000
232460		232383		0.775		77.000
232623		232546		0.815		73.000
232783		232706		0.800		75.000
232944		232867		0.805		74.000
233110		233033		0.830		72.000
233271		233194		0.805		74.000
233425		233348		0.770		77.000
233581		233504		0.780		76.000
233738		233661		0.785		76.000
233898		233821		0.800		75.000
234065		233988		0.835		71.000
234232		234155		0.835		71.000
234394		234317		0.810		74.000
234521		234444		0.635		94.000
234703		234626		0.910		65.000
234859		234782		0.780		76.000
234979		234902		0.600		100.000
235170		235093		0.955		62.000
235336		235259		0.830		72.000
235506		235429		0.850		70.000
235671		235594		0.825		72.000
235824		235747		0.765		78.000
235978		235901		0.770		77.000
236132		236055		0.770		77.000
236296		236219		0.820		73.000
236464		236387		0.840		71.000
236629		236552		0.825		72.000
236789		236712		0.800		75.000
236958		236881		0.845		71.000
237114		237037		0.780		76.000
237268		237191		0.770		77.000
237427		237350		0.795		75.000
237593		237516		0.830		72.000
237762		237685		0.845		71.000
237929		237852		0.835		71.000
238087		238010		0.790		75.000
238245		238168		0.790		75.000
238409		238332		0.820		73.000
238567		238490		0.790		75.000
238724		238647		0.785		76.000
238895		238818		0.855		70.000
239060		238983		0.825		72.000
239229		239152		0.845		71.000
239388		239311		0.795		75.000
239544		239467		0.780		76.000
239699		239622		0.775		77.000
239866		239789		0.835		71.000
240030		239953		0.820		73.000
240196		240119		0.830		72.000
240363		240286		0.835		71.000
240524		240447		0.805		74.000
240681		240604		0.785		76.000
240838		240761		0.785		76.000
240995		240918		0.785		76.000
241103		241026		0.540		111.000
241309		241232		1.030		58.000
241476		241399		0.835		71.000
241641		241564		0.825		72.000
241800		241723		0.795		75.000
241952		241875		0.760		78.000
242113		242036		0.805		74.000
242275		242198		0.810		74.000
242385		242308		0.550		109.000
242587		242510		1.010		59.000
242757		242680		0.850		70.000
242923		242846		0.830		72.000
243080		243003		0.785		76.000
243236		243159		0.780		76.000
243394		243317		0.790		75.000
243562		243485		0.840		71.000
243730		243653		0.840		71.000
243894		243817		0.820		73.000
244056		243979		0.810		74.000
244221		244144		0.825		72.000
244379		244302		0.790		75.000
244537		244460		0.790		75.000
244699		244622		0.810		74.000
244870		244793		0.855		70.000
245043		244966		0.865		69.000
245208		245131		0.825		72.000
245368		245291		0.800		75.000
245532		245455		0.820		73.000
245696		245619		0.820		73.000
245861		245784		0.825		72.000
245982		245905		0.605		99.000
246187		246110		1.025		58.000
246360		246283		0.865		69.000
246528		246451		0.840		71.000
246685		246608		0.785		76.000
246844		246767		0.795		75.000
247009		246932		0.825		72.000
247138		247061		0.645		93.000
247335		247258		0.985		60.000
247503		247426		0.840		71.000
247668		247591		0.825		72.000
247829		247752		0.805		74.000
247984		247907		0.775		77.000
248140		248063		0.780		76.000
248302		248225		0.810		74.000
248471		248394		0.845		71.000
248637		248560		0.830		72.000
248800		248723		0.815		73.000
248958		248881		0.790		75.000
249115		249038		0.785		76.000
249274		249197		0.795		75.000
249433		249356		0.795		75.000
249601		249524		0.840		71.000
249770		249693		0.845		71.000
249939		249862		0.845		71.000
250101		250024		0.810		74.000
250261		250184		0.800		75.000
250417		250340		0.780		76.000
250577		250500		0.800		75.000
250743		250666		0.830		72.000
250914		250837		0.855		70.000
251083		251006		0.845		71.000
251247		251170		0.820		73.000
251408		251331		0.805		74.000
251567		251490		0.795		75.000
251724		251647		0.785		76.000
251886		251809		0.810		74.000
252050		251973		0.820		73.000
252219		252142		0.845		71.000
252388		252311		0.845		71.000
252549		252472		0.805		74.000
252663		252586		0.570		105.000
252856		252779		0.965		62.000
253021		252944		0.825		72.000
253184		253107		0.815		73.000
253351		253274		0.835		71.000
253519		253442		0.840		71.000
253684		253607		0.825		72.000
253842		253765		0.790		75.000
253994		253917		0.760		78.000
254154		254077		0.800		75.000
254321		254244		0.835		71.000
254489		254412		0.840		71.000
254618		254541		0.645		93.000
254815		254738		0.985		60.000
254977		254900		0.810		74.000
255137		255060		0.800		75.000
255291		255214		0.770		77.000
255449		255372		0.790		75.000
255616		255539		0.835		71.000
255788		255711		0.860		69.000
255953		255876		0.825		72.000
256110		256033		0.785		76.000
256273		256196		0.815		73.000
256432		256355		0.795		75.000
256591		256514		0.795		75.000
256754		256677		0.815		73.000
256921		256844		0.835		71.000
257092		257015		0.855		70.000
257257		257180		0.825		72.000
257412		257335		0.775		77.000
257569		257492		0.785		76.000
257727		257650		0.790		75.000
257885		257808		0.790		75.000
258058		257981		0.865		69.000
258227		258150		0.845		71.000
258391		258314		0.820		73.000
258556		258479		0.825		72.000
258713		258636		0.785		76.000
258869		258792		0.780		76.000
259027		258950		0.790		75.000
259193		259116		0.830		72.000
259362		259285		0.845		71.000
259530		259453		0.840		71.000
259695		259618		0.825		72.000
259851		259774		0.780		76.000
260013		259936		0.810		74.000
260171		260094		0.790		75.000
260335		260258		0.820		73.000
260503		260426		0.840		71.000
260672		260595		0.845		71.000
260837		260760		0.825		72.000
261003		260926		0.830		72.000
261159		261082		0.780		76.000
261319		261242		0.800		75.000
261486		261409		0.835		71.000
261656		261579		0.850		70.000
261823		261746		0.835		71.000
261993		261916		0.850		70.000
262150		262073		0.785		76.000
262313		262236		0.815		73.000
262471		262394		0.790		75.000
262629		262552		0.790		75.000
262795		262718		0.830		72.000
262969		262892		0.870		68.000
263134		263057		0.825		72.000
263297		263220		0.815		73.000
263454		263377		0.785		76.000
263614		263537		0.800		75.000
263775		263698		0.805		74.000
263937		263860		0.810		74.000
264101		264024		0.820		73.000
264273		264196		0.860		69.000
264442		264365		0.845		71.000
264600		264523		0.790		75.000
264756		264679		0.780		76.000
264916		264839		0.800		75.000
265080		265003		0.820		73.000
265250		265173		0.850		70.000
265416		265339		0.830		72.000
265579		265502		0.815		73.000
265744		265667		0.825		72.000
265902		265825		0.790		75.000
266056		265979		0.770		77.000
266213		266136		0.785		76.000
266375		266298		0.810		74.000
266543		266466		0.840		71.000
266708		266631		0.825		72.000
266868		266791		0.800		75.000
267021		266944		0.765		78.000
267179		267102		0.790		75.000
267334		267257		0.775		77.000
267491		267414		0.785		76.000
267658		267581		0.835		71.000
267825		267748		0.835		71.000
267990		267913		0.825		72.000
268149		268072		0.795		75.000
268302		268225		0.765		78.000
268452		268375		0.750		80.000
268608		268531		0.780		76.000
268766		268689		0.790		75.000
268930		268853		0.820		73.000
269091		269014		0.805		74.000
269250		269173		0.795		75.000
269405		269328		0.775		77.000
269565		269488		0.800		75.000
269720		269643		0.775		77.000
269880		269803		0.800		75.000
270047		269970		0.835		71.000
270220		270143		0.865		69.000
270389		270312		0.845		71.000
270549		270472		0.800		75.000
270707		270630		0.790		75.000
270870		270793		0.815		73.000
271034		270957		0.820		73.000
271201		271124		0.835		71.000
271369		271292		0.840		71.000
271544		271467		0.875		68.000
271708		271631		0.820		73.000
271866		271789		0.790		75.000
272023		271946		0.785		76.000
272185		272108		0.810		74.000
272352		272275		0.835		71.000
272520		272443		0.840		71.000
272689		272612		0.845		71.000
272854		272777		0.825		72.000
273017		272940		0.815		73.000
273174		273097		0.785		76.000
273330		273253		0.780		76.000
273494		273417		0.820		73.000
273660		273583		0.830		72.000
273830		273753		0.850		70.000
273994		273917		0.820		73.000
274158		274081		0.820		73.000
274315		274238		0.785		76.000
274476		274399		0.805		74.000
274635		274558		0.795		75.000
274797		274720		0.810		74.000
274963		274886		0.830		72.000
275127		275050		0.820		73.000
275285		275208		0.790		75.000
275440		275363		0.775		77.000
275594		275517		0.770		77.000
275748		275671		0.770		77.000
275913		275836		0.825		72.000
276031		275954		0.590		101.000
276232		276155		1.005		59.000
276400		276323		0.840		71.000
276560		276483		0.800		75.000
276716		276639		0.780		76.000
276874		276797		0.790		75.000
277034		276957		0.800		75.000
277198		277121		0.820		73.000
277366		277289		0.840		71.000
277534		277457		0.840		71.000
277692		277615		0.790		75.000
277850		277773		0.790		75.000
278006		277929		0.780		76.000
278163		278086		0.785		76.000
278329		278252		0.830		72.000
278494		278417		0.825		72.000
278662		278585		0.840		71.000
278827		278750		0.825		72.000
278990		278913		0.815		73.000
279144		279067		0.770		77.000
279303		279226		0.795		75.000
279462		279385		0.795		75.000
279630		279553		0.840		71.000
279800		279723		0.850		70.000
279965		279888		0.825		72.000
280124		280047		0.795		75.000
280288		280211		0.820		73.000
280443		280366		0.775		77.000
280600		280523		0.785		76.000
280762		280685		0.810		74.000
280929		280852		0.835		71.000
281097		281020		0.840		71.000
281260		281183		0.815		73.000
281412		281335		0.760		78.000
281568		281491		0.780		76.000
281729		281652		0.805		74.000
281889		281812		0.800		75.000
282054		281977		0.825		72.000
282222		282145		0.840		71.000
282391		282314		0.845		71.000
282555		282478		0.820		73.000
282715		282638		0.800		75.000
282868		282791		0.765		78.000
283035		282958		0.835		71.000
283204		283127		0.845		71.000
283371		283294		0.835		71.000
283536		283459		0.825		72.000
283702		283625		0.830		72.000
283860		283783		0.790		75.000
284020		283943		0.800		75.000
284175		284098		0.775		77.000
284335		284258		0.800		75.000
284508		284431		0.865		69.000
284678		284601		0.850		70.000
284839		284762		0.805		74.000
284997		284920		0.790		75.000
285155		285078		0.790		75.000
285315		285238		0.800		75.000
285480		285403		0.825		72.000
285644		285567		0.820		73.000
285812		285735		0.840		71.000
285984		285907		0.860		69.000
286146		286069		0.810		74.000
286299		286222		0.765		78.000
286455		286378		0.780		76.000
286614		286537		0.795		75.000
286783		286706		0.845		71.000
286953		286876		0.850		70.000
287118		287041		0.825		72.000
287286		287209		0.840		71.000
287450		287373		0.820		73.000
287609		287532		0.795		75.000
287764		287687		0.775		77.000
287929		287852		0.825		72.000
288095		288018		0.830		72.000
288266		288189		0.855		70.000
288429		288352		0.815		73.000
288584		288507		0.775		77.000
288743		288666		0.795		75.000
288904		288827		0.805		74.000
289052		288975		0.740		81.000
289226		289149		0.870		68.000
289396		289319		0.850		70.000
289514		289437		0.590		101.000
289714		289637		1.000		60.000
289873		289796		0.795		75.000
290032		289955		0.795		75.000
290196		290119		0.820		73.000
290364		290287		0.840		71.000
290533		290456		0.845		71.000
290700		290623		0.835		71.000
290867		290790		0.835		71.000
291028		290951		0.805		74.000
291190		291113		0.810		74.000
291346		291269		0.780		76.000
291511		291434		0.825		72.000
291686		291609		0.875		68.000
291857		291780		0.855		70.000
292020		291943		0.815		73.000
292180		292103		0.800		75.000
292338		292261		0.790		75.000
292499		292422		0.805		74.000
292661		292584		0.810		74.000
292825		292748		0.820		73.000
292993		292916		0.840		71.000
293162		293085		0.845		71.000
293324		293247		0.810		74.000
293479		293402		0.775		77.000
293637		293560		0.790		75.000
293796		293719		0.795		75.000
293964		293887		0.840		71.000
294132		294055		0.840		71.000
294302		294225		0.850		70.000
294467		294390		0.825		72.000
294630		294553		0.815		73.000
294786		294709		0.780		76.000
294948		294871		0.810		74.000
295112		295035		0.820		73.000
295279		295202		0.835		71.000
295450		295373		0.855		70.000
295617		295540		0.835		71.000
295778		295701		0.805		74.000
295938		295861		0.800		75.000
296095		296018		0.785		76.000
296259		296182		0.820		73.000
296422		296345		0.815		73.000
296591		296514		0.845		71.000
296754		296677		0.815		73.000
296917		296840		0.815		73.000
297076		296999		0.795		75.000
297232		297155		0.780		76.000
297392		297315		0.800		75.000
297557		297480		0.825		72.000
297729		297652		0.860		69.000
297895		297818		0.830		72.000
298060		297983		0.825		72.000
298215		298138		0.775		77.000
298374		298297		0.795		75.000
298531		298454		0.785		76.000
298694		298617		0.815		73.000
298864		298787		0.850		70.000
299033		298956		0.845		71.000
299203		299126		0.850		70.000
299362		299285		0.795		75.000
299521		299444		0.795		75.000
299679		299602		0.790		75.000
299844		299767		0.825		72.000
300010		299933		0.830		72.000
300175		300098		0.825		72.000
300342		300265		0.835		71.000
300507		300430		0.825		72.000
300664		300587		0.785		76.000
300821		300744		0.785		76.000
300978		300901		0.785		76.000
301145		301068		0.835		71.000
301317		301240		0.860		69.000
301485		301408		0.840		71.000
301649		301572		0.820		73.000
301811		301734		0.810		74.000
301973		301896		0.810		74.000
302129		302052		0.780		76.000
302293		302216		0.820		73.000
302460		302383		0.835		71.000
302630		302553		0.850		70.000
302799		302722		0.845		71.000
302959		302882		0.800		75.000
303111		303034		0.760		78.000
303269		303192		0.790		75.000
303426		303349		0.785		76.000
303584		303507		0.790		75.000
303746		303669		0.810		74.000
303855		303778		0.545		110.000
304080		304003		1.125		53.000
304236		304159		0.780		76.000
304390		304313		0.770		77.000
304542		304465		0.760		78.000
304710		304633		0.840		71.000
304876		304799		0.830		72.000
305039		304962		0.815		73.000
305201		305124		0.810		74.000
305359		305282		0.790		75.000
305515		305438		0.780		76.000
305674		305597		0.795		75.000
305829		305752		0.775		77.000
305991		305914		0.810		74.000
306164		306087		0.865		69.000
306331		306254		0.835		71.000
306487		306410		0.780		76.000
306644		306567		0.785		76.000
306800		306723		0.780		76.000
306960		306883		0.800		75.000
307124		307047		0.820		73.000
307288		307211		0.820		73.000
307459		307382		0.855		70.000
307629		307552		0.850		70.000
307789		307712		0.800		75.000
307943		307866		0.770		77.000
308102		308025		0.795		75.000
308259		308182		0.785		76.000
308428		308351		0.845		71.000
308593		308516		0.825		72.000
308754		308677		0.805		74.000
308921		308844		0.835		71.000
309082		309005		0.805		74.000
309239		309162		0.785		76.000
309394		309317		0.775		77.000
309555		309478		0.805		74.000
309724		309647		0.845		71.000
309895		309818		0.855		70.000
310059		309982		0.820		73.000
310212		310135		0.765		78.000
310373		310296		0.805		74.000
310531		310454		0.790		75.000
310692		310615		0.805		74.000
310855		310778		0.815		73.000
311022		310945		0.835		71.000
311190		311113		0.840		71.000
311355		311278		0.825		72.000
311511		311434		0.780		76.000
311661		311584		0.750		80.000
311825		311748		0.820		73.000
311989		311912		0.820		73.000
312153		312076		0.820		73.000
312313		312236		0.800		75.000
312474		312397		0.805		74.000
312630		312553		0.780		76.000
312754		312677		0.620		96.000
312937		312860		0.915		65.000
313093		313016		0.780		76.000
313264		313187		0.855		70.000
313430		313353		0.830		72.000
313590		313513		0.800		75.000
313748		313671		0.790		75.000
313904		313827		0.780		76.000
314060		313983		0.780		76.000
314220		314143		0.800		75.000
314380		314303		0.800		75.000
314547		314470		0.835		71.000
314668		314591		0.605		99.000
314867		314790		0.995		60.000
315023		314946		0.780		76.000
315182		315105		0.795		75.000
315291		315214		0.545		110.000
315481		315404		0.950		63.000
315650		315573		0.845		71.000
315816		315739		0.830		72.000
315982		315905		0.830		72.000
316146		316069		0.820		73.000
316304		316227		0.790		75.000
316458		316381		0.770		77.000
316615		316538		0.785		76.000
316779		316702		0.820		73.000
316950		316873		0.855		70.000
317117		317040		0.835		71.000
317279		317202		0.810		74.000
317439		317362		0.800		75.000
317601		317524		0.810		74.000
317764		317687		0.815		73.000
317925		317848		0.805		74.000
318095		318018		0.850		70.000
318264		318187		0.845		71.000
318433		318356		0.845		71.000
318595		318518		0.810		74.000
318751		318674		0.780		76.000
318910		318833		0.795		75.000
319076		318999		0.830		72.000
319208		319131		0.660		90.000
319405		319328		0.985		60.000
319577		319500		0.860		69.000
319739		319662		0.810		74.000
319901		319824		0.810		74.000
320057		319980		0.780		76.000
320218		320141		0.805		74.000
320386		320309		0.840		71.000
320559		320482		0.865		69.000
320726		320649		0.835		71.000
320889		320812		0.815		73.000
321047		320970		0.790		75.000
321204		321127		0.785		76.000
321364		321287		0.800		75.000
321524		321447		0.800		75.000
321691		321614		0.835		71.000
321860		321783		0.845		71.000
321995		321918		0.675		88.000
322185		322108		0.950		63.000
322344		322267		0.795		75.000
322500		322423		0.780		76.000
322662		322585		0.810		74.000
322829		322752		0.835		71.000
322994		322917		0.825		72.000
323159		323082		0.825		72.000
323321		323244		0.810		74.000
323479		323402		0.790		75.000
323632		323555		0.765		78.000
323785		323708		0.765		78.000
323925		323848		0.700		85.000
324101		324024		0.880		68.000
324267		324190		0.830		72.000
324424		324347		0.785		76.000
324576		324499		0.760		78.000
324726		324649		0.750		80.000
324876		324799		0.750		80.000
325026		324949		0.750		80.000
325177		325100		0.755		79.000
325332		325255		0.775		77.000
325486		325409		0.770		77.000
325642		325565		0.780		76.000
325788		325711		0.730		82.000
325927		325850		0.695		86.000
326063		325986		0.680		88.000
326208		326131		0.725		82.000
326357		326280		0.745		80.000
326508		326431		0.755		79.000
326659		326582		0.755		79.000
326810		326733		0.755		79.000
326955		326878		0.725		82.000
327104		327027		0.745		80.000
327249		327172		0.725		82.000
327400		327323		0.755		79.000
327554		327477		0.770		77.000
327717		327640		0.815		73.000
327879		327802		0.810		74.000
328033		327956		0.770		77.000
328182		328105		0.745		80.000
328337		328260		0.775		77.000
328493		328416		0.780		76.000
328645		328568		0.760		78.000
328805		328728		0.800		75.000
328969		328892		0.820		73.000
329129		329052		0.800		75.000
329286		329209		0.785		76.000
329442		329365		0.780		76.000
329562		329485		0.600		100.000
329739		329662		0.885		67.000
329904		329827		0.825		72.000
330074		329997		0.850		70.000
330236		330159		0.810		74.000
330393		330316		0.785		76.000
330555		330478		0.810		74.000
330705		330628		0.750		80.000
330858		330781		0.765		78.000
331019		330942		0.805		74.000
331187		331110		0.840		71.000
331345		331268		0.790		75.000
331515		331438		0.850		70.000
331677		331600		0.810		74.000
331822		331745		0.725		82.000
331969		331892		0.735		81.000
332119		332042		0.750		80.000
332260		332183		0.705		85.000
332405		332328		0.725		82.000
332557		332480		0.760		78.000
332698		332621		0.705		85.000
332840		332763		0.710		84.000
332981		332904		0.705		85.000
333118		333041		0.685		87.000
333248		333171		0.650		92.000
333387		333310		0.695		86.000
333533		333456		0.730		82.000
333682		333605		0.745		80.000
333824		333747		0.710		84.000
333974		333897		0.750		80.000
334120		334043		0.730		82.000
334267		334190		0.735		81.000
334413		334336		0.730		82.000
334560		334483		0.735		81.000
334708		334631		0.740		81.000
334864		334787		0.780		76.000
335020		334943		0.780		76.000
335179		335102		0.795		75.000
335333		335256		0.770		77.000
335481		335404		0.740		81.000
335629		335552		0.740		81.000
335789		335712		0.800		75.000
335949		335872		0.800		75.000
336105		336028		0.780		76.000
336274		336197		0.845		71.000
336446		336369		0.860		69.000
336600		336523		0.770		77.000
336751		336674		0.755		79.000
336909		336832		0.790		75.000
337073		336996		0.820		73.000
337235		337158		0.810		74.000
337401		337324		0.830		72.000
337566		337489		0.825		72.000
337728		337651		0.810		74.000
337881		337804		0.765		78.000
338027		337950		0.730		82.000
338177		338100		0.750		80.000
338332		338255		0.775		77.000
338489		338412		0.785		76.000
338649		338572		0.800		75.000
338811		338734		0.810		74.000
338962		338885		0.755		79.000
339114		339037		0.760		78.000
339271		339194		0.785		76.000
339426		339349		0.775		77.000
339585		339508		0.795		75.000
339746		339669		0.805		74.000
339910		339833		0.820		73.000
340072		339995		0.810		74.000
340226		340149		0.770		77.000
340380		340303		0.770		77.000
340535		340458		0.775		77.000
340695		340618		0.800		75.000
340858		340781		0.815		73.000
341020		340943		0.810		74.000
341182		341105		0.810		74.000
341335		341258		0.765		78.000
341491		341414		0.780		76.000
341644		341567		0.765		78.000
341796		341719		0.760		78.000
341952		341875		0.780		76.000
342122		342045		0.850		70.000
342284		342207		0.810		74.000
342441		342364		0.785		76.000
342595		342518		0.770		77.000
342748		342671		0.765		78.000
342905		342828		0.785		76.000
343061		342984		0.780		76.000
343222		343145		0.805		74.000
343385		343308		0.815		73.000
343551		343474		0.830		72.000
343707		343630		0.780		76.000
343860		343783		0.765		78.000
344014		343937		0.770		77.000
344170		344093		0.780		76.000
344332		344255		0.810		74.000
344497		344420		0.825		72.000
344663		344586		0.830		72.000
344825		344748		0.810		74.000
344983		344906		0.790		75.000
345136		345059		0.765		78.000
345290		345213		0.770		77.000
345447		345370		0.785		76.000
345604		345527		0.785		76.000
345773		345696		0.845		71.000
345936		345859		0.815		73.000
346093		346016		0.785		76.000
346240		346163		0.735		81.000
346395		346318		0.775		77.000
346546		346469		0.755		79.000
346701		346624		0.775		77.000
346853		346776		0.760		78.000
347014		346937		0.805		74.000
347172		347095		0.790		75.000
347329		347252		0.785		76.000
347474		347397		0.725		82.000
347624		347547		0.750		80.000
347776		347699		0.760		78.000
347935		347858		0.795		75.000
348095		348018		0.800		75.000
348255		348178		0.800		75.000
348413		348336		0.790		75.000
348569		348492		0.780		76.000
348722		348645		0.765		78.000
348873		348796		0.755		79.000
349025		348948		0.760		78.000
349186		349109		0.805		74.000
349351		349274		0.825		72.000
349513		349436		0.810		74.000
349619		349542		0.530		113.000
349799		349722		0.900		66.000
349947		349870		0.740		81.000
350095		350018		0.740		81.000
350240		350163		0.725		82.000
350392		350315		0.760		78.000
350545		350468		0.765		78.000
350696		350619		0.755		79.000
350845		350768		0.745		80.000
350989		350912		0.720		83.000
351134		351057		0.725		82.000
351278		351201		0.720		83.000
351420		351343		0.710		84.000
351573		351496		0.765		78.000
351723		351646		0.750		80.000
351874		351797		0.755		79.000
352024		351947		0.750		80.000
352173		352096		0.745		80.000
352318		352241		0.725		82.000
352459		352382		0.705		85.000
352605		352528		0.730		82.000
352761		352684		0.780		76.000
352917		352840		0.780		76.000
353076		352999		0.795		75.000
353238		353161		0.810		74.000
353394		353317		0.780		76.000
353545		353468		0.755		79.000
353700		353623		0.775		77.000
353864		353787		0.820		73.000
354028		353951		0.820		73.000
354190		354113		0.810		74.000
354360		354283		0.850		70.000
354523		354446		0.815		73.000
354682		354605		0.795		75.000
354836		354759		0.770		77.000
354994		354917		0.790		75.000
355158		355081		0.820		73.000
355328		355251		0.850		70.000
355494		355417		0.830		72.000
355657		355580		0.815		73.000
355818		355741		0.805		74.000
355977		355900		0.795		75.000
356135		356058		0.790		75.000
356289		356212		0.770		77.000
356458		356381		0.845		71.000
356623		356546		0.825		72.000
356783		356706		0.800		75.000
356934		356857		0.755		79.000
357088		357011		0.770		77.000
357240		357163		0.760		78.000
357393		357316		0.765		78.000
357546		357469		0.765		78.000
357703		357626		0.785		76.000
357860		357783		0.785		76.000
358016		357939		0.780		76.000
358162		358085		0.730		82.000
358306		358229		0.720		83.000
358448		358371		0.710		84.000
358591		358514		0.715		83.000
358735		358658		0.720		83.000
358893		358816		0.790		75.000
359042		358965		0.745		80.000
359187		359110		0.725		82.000
359334		359257		0.735		81.000
359478		359401		0.720		83.000
359618		359541		0.700		85.000
359754		359677		0.680		88.000
359898		359821		0.720		83.000
360044		359967		0.730		82.000
360193		360116		0.745		80.000
360345		360268		0.760		78.000
360486		360409		0.705		85.000
360623		360546		0.685		87.000
360764		360687		0.705		85.000
360904		360827		0.700		85.000
361043		360966		0.695		86.000
